0.0 0.7084623059025091 2.9358403784720783 3.4514942439232925 1.8562866422467805 4.040670058550774 3.5392036120434116 3.134305429403352 3.3414202284364714 4.353723551302255 
0.7084623059025091 0.0 2.145837168331405 4.643025050829481 0.025503326598675935 1.9635684069339994 4.335697090178318 0.7694412689068847 0.24790952803026178 4.7981821422502176 
2.9358403784720783 2.145837168331405 0.0 4.093717912656886 3.215745092358336 1.8153167996150539 4.726973789728982 3.5555239420987355 0.9799422382456097 4.1015913859732684 
3.4514942439232925 4.643025050829481 4.093717912656886 0.0 3.363059694543939 4.779994345342552 1.0684004141336838 4.024774237917202 3.302596241275345 1.3573687531799683 
1.8562866422467805 0.025503326598675935 3.215745092358336 3.363059694543939 0.0 1.1786933024886659 3.120725328283314 3.7511826061053304 3.203659048189282 2.9504277931623726 
4.040670058550774 1.9635684069339994 1.8153167996150539 4.779994345342552 1.1786933024886659 0.0 2.9660521786142384 4.686091022409899 2.2860667516525464 4.447852509568931 
3.5392036120434116 4.335697090178318 4.726973789728982 1.0684004141336838 3.120725328283314 2.9660521786142384 0.0 1.6749829999675026 1.5407296551565264 3.3639676084206926 
3.134305429403352 0.7694412689068847 3.5555239420987355 4.024774237917202 3.7511826061053304 4.686091022409899 1.6749829999675026 0.0 2.147206730174 2.125184280650772 
3.3414202284364714 0.24790952803026178 0.9799422382456097 3.302596241275345 3.203659048189282 2.2860667516525464 1.5407296551565264 2.147206730174 0.0 4.702335720505549
4.353723551302255 4.7981821422502176 4.1015913859732684 1.3573687531799683 2.9504277931623726 4.447852509568931 3.3639676084206926 2.125184280650772 4.702335720505549 0.0